  window  match       mean        std  secs
     256    256      489.1      235.4 0.053
     256    512      741.4      429.9 0.051
     256   1024     1495.2     1099.5 0.096
     256   2048     2218.4     1930.7 0.135
     256   4096     3132.6     2629.4 0.170
     256   8192     3907.7     3441.6 0.204
     256  16384     3910.0     3683.6 0.207
     256  32768     3269.7     3022.4 0.172
     512    256      742.6      210.3 0.047
     512    512      965.5      435.8 0.060
     512   1024     1575.8     1167.3 0.090
     512   2048     2264.7     1780.4 0.127
     512   4096     4650.4     3886.2 0.247
     512   8192     5019.5     4125.5 0.266
     512  16384     5171.7     5045.2 0.272
     512  32768     4152.5     4315.7 0.228
    1024    256     1272.5      256.4 0.082
    1024    512     1512.8      416.7 0.094
    1024   1024     1905.8      971.9 0.116
    1024   2048     2966.6     1767.8 0.170
    1024   4096     5387.7     5066.1 0.293
    1024   8192     7088.6     5848.4 0.347
    1024  16384     8796.4     8159.8 0.330
    1024  32768     7623.7     6775.7 0.289
    2048    256     2295.3      237.0 0.106
    2048    512     2588.8      489.4 0.116
    2048   1024     2944.8      921.1 0.129
    2048   2048     4150.3     1932.9 0.172
    2048   4096     6015.6     3638.2 0.243
    2048   8192     9804.4     7917.5 0.419
    2048  16384    11881.2    10849.7 0.576
    2048  32768    13099.7    10249.9 0.626
    4096    256     4371.9      302.0 0.223
    4096    512     4655.7      593.0 0.214
    4096   1024     5182.3     1107.4 0.235
    4096   2048     6422.3     2336.9 0.277
    4096   4096     8898.0     4895.5 0.363
    4096   8192    13176.3     9695.3 0.523
    4096  16384    22135.6    19404.1 0.851
    4096  32768    17201.8    15078.6 0.664
    8192    256     8474.7      266.7 0.393
    8192    512     8662.9      491.8 0.396
    8192   1024     9365.1     1127.3 0.423
    8192   2048    10400.8     2595.3 0.461
    8192   4096    12853.0     5573.2 0.549
    8192   8192    18221.5     8370.2 0.741
    8192  16384    30098.9    22631.1 1.170
    8192  32768    35062.3    23991.6 1.350
   16384    256    16650.6      293.5 0.766
   16384    512    16926.5      503.3 0.781
   16384   1024    17382.5      897.0 0.797
   16384   2048    18276.6     1533.8 0.830
   16384   4096    21151.6     4677.5 0.932
   16384   8192    24911.2     7982.5 1.068
   16384  16384    36742.0    21168.3 1.501
   16384  32768    67402.5    47432.1 2.608
   32768    256    33012.1      276.4 1.529
   32768    512    33299.3      449.7 1.536
   32768   1024    33931.6     1064.4 1.563
   32768   2048    34766.7     1829.4 1.583
   32768   4096    38265.1     4835.4 1.730
   32768   8192    41948.1    10325.6 1.830
   32768  16384    53861.3    24833.0 2.271
   32768  32768    95318.8    67335.1 3.762
   65536    256    65813.6      273.3 3.022
   65536    512    66086.5      622.0 3.032
   65536   1024    66466.7      838.7 3.052
   65536   2048    67780.7     2079.4 3.117
   65536   4096    69776.0     4391.7 3.182
   65536   8192    74927.1    10075.0 3.375
   65536  16384    84840.7    18284.9 3.740
   65536  32768   117789.8    54480.8 4.916
  131072    256   131333.2      227.7 6.070
  131072    512   131563.8      458.4 6.094
  131072   1024   132163.0      979.0 6.094
  131072   2048   132993.9     2123.4 6.133
  131072   4096   135462.2     4678.0 6.234
  131072   8192   139866.0     9096.7 6.376
  131072  16384   153259.0    26029.9 6.863
  131072  32768   174209.3    44327.5 7.653
