window  match       mean        std  secs
   256    256      489.1      235.4 0.029
   256    512      770.9      484.7 0.036
   256   1024     1277.0      878.5 0.070
   256   2048     2563.4     2117.1 0.137
   256   4096     3225.1     2726.9 0.134
   256   8192     3225.1     2726.9 0.135
   256  16384     3225.1     2726.9 0.134
   256  32768     3225.1     2726.9 0.142
   512    256      742.3      240.5 0.036
   512    512     1012.6      495.8 0.049
   512   1024     1604.8      900.6 0.072
   512   2048     2683.1     2006.1 0.111
   512   4096     4909.4     3601.1 0.186
   512   8192     5162.6     4112.7 0.194
   512  16384     5162.6     4112.7 0.194
   512  32768     5162.6     4112.7 0.196
  1024    256     1239.3      180.8 0.057
  1024    512     1453.6      413.1 0.065
  1024   1024     1884.5      855.5 0.080
  1024   2048     3203.9     2584.9 0.129
  1024   4096     5100.2     5164.8 0.201
  1024   8192     7314.1     5991.1 0.276
  1024  16384     7314.1     5991.1 0.277
  1024  32768     7314.1     5991.1 0.276
  2048    256     2317.5      333.0 0.106
  2048    512     2533.3      524.8 0.113
  2048   1024     3121.3     1023.2 0.136
  2048   2048     4171.0     2116.1 0.176
  2048   4096     6236.3     4362.3 0.249
  2048   8192    11244.6     8189.6 0.434
  2048  16384    12569.8    10003.1 0.481
  2048  32768    12569.8    10003.1 0.484
  4096    256     4363.7      218.1 0.202
  4096    512     4622.9      512.6 0.212
  4096   1024     5185.6     1003.7 0.230
  4096   2048     6242.9     2179.4 0.271
  4096   4096     8629.8     5449.4 0.356
  4096   8192    13735.5     9793.4 0.546
  4096  16384    20639.0    16862.1 0.794
  4096  32768    20639.0    16862.1 0.801
  8192    256     8422.1      259.1 0.388
  8192    512     8654.3      401.0 0.402
  8192   1024     9273.8      956.1 0.424
  8192   2048    10688.5     2719.7 0.471
  8192   4096    12534.2     4269.4 0.541
  8192   8192    16358.3     8690.1 0.681
  8192  16384    26711.5    18100.9 1.054
  8192  32768    33909.9    26577.1 1.318
 16384    256    16650.3      256.7 0.775
 16384    512    16923.6      601.2 0.780
 16384   1024    17436.0      991.7 0.831
 16384   2048    18388.9     2281.7 0.850
 16384   4096    21111.5     5011.6 0.941
 16384   8192    26526.2    10058.6 1.149
 16384  16384    38941.6    22318.2 1.613
 16384  32768    67312.4    44472.7 2.653
 32768    256    33004.9      243.8 1.543
 32768    512    33214.4      475.8 1.564
 32768   1024    33649.2      932.6 1.577
 32768   2048    35164.4     2174.8 1.623
 32768   4096    36910.3     4377.8 1.685
 32768   8192    41726.3     8069.3 1.867
 32768  16384    53713.8    21699.6 2.311
 32768  32768    88281.3    58525.0 3.597
 65536    256    65747.4      225.7 3.066
 65536    512    66098.4      456.9 3.100
 65536   1024    66496.9      903.0 3.094
 65536   2048    67933.9     2502.8 3.164
 65536   4096    69629.6     4404.7 3.224
 65536   8192    74612.8     8043.2 3.411
 65536  16384    83753.1    17361.8 3.742
 65536  32768   111305.4    48227.7 4.748
131072    256   131345.7      276.1 6.148
131072    512   131680.0      641.8 6.167
131072   1024   131987.2      890.3 6.159
131072   2048   132855.8     1863.3 6.155
131072   4096   135254.2     4581.1 6.240
131072   8192   140681.0    10361.7 6.448
131072  16384   150520.0    19803.6 6.804
131072  32768   181366.7    49970.4 7.956
