  window  match       mean        std  secs
     256    256      268.8      232.9 0.015
     256    512      520.3      512.7 0.029
     256   1024      994.7      959.5 0.058
     256   2048     2222.5     2085.8 0.133
     256   4096     2648.3     2694.9 0.128
     256   8192     3554.6     2852.9 0.139
     256  16384     3273.6     3663.5 0.128
     256  32768     3545.2     3731.0 0.139
     512    256      237.0      251.5 0.009
     512    512      487.8      463.4 0.019
     512   1024     1018.5      924.2 0.041
     512   2048     2250.4     2404.6 0.088
     512   4096     3539.5     3177.9 0.126
     512   8192     4457.1     4804.3 0.160
     512  16384     3852.0     4273.6 0.138
     512  32768     4194.8     4574.2 0.151
    1024    256      274.8      259.8 0.010
    1024    512      540.9      523.9 0.020
    1024   1024      868.8      972.7 0.032
    1024   2048     2204.0     1976.2 0.080
    1024   4096     4293.0     5076.8 0.153
    1024   8192     6155.1     5629.6 0.220
    1024  16384     6048.9     7114.6 0.216
    1024  32768     6014.1     6184.3 0.212
    2048    256      258.7      294.4 0.009
    2048    512      533.8      567.4 0.019
    2048   1024     1049.5     1059.0 0.039
    2048   2048     1857.9     1694.2 0.067
    2048   4096     4384.0     4434.4 0.157
    2048   8192     9110.8     8827.7 0.332
    2048  16384     8286.3     9094.0 0.293
    2048  32768     7408.4     7050.3 0.262
    4096    256      300.2      498.1 0.011
    4096    512      531.5      607.1 0.019
    4096   1024     1101.9      972.1 0.042
    4096   2048     2354.7     2362.5 0.085
    4096   4096     4327.3     4424.9 0.154
    4096   8192     7040.2     7800.4 0.252
    4096  16384    12000.0    14445.7 0.426
    4096  32768    15280.0    19354.4 0.541
    8192    256      357.9      844.0 0.014
    8192    512      664.7      954.8 0.026
    8192   1024     1108.5     1283.4 0.041
    8192   2048     2088.8     2356.5 0.075
    8192   4096     3575.2     3957.6 0.129
    8192   8192     8588.6    10430.3 0.302
    8192  16384    17931.6    21374.5 0.635
    8192  32768    22980.8    30262.7 0.813
   16384    256      427.2     1658.8 0.017
   16384    512      634.3     1712.4 0.024
   16384   1024     1071.9     1933.8 0.040
   16384   2048     2579.7     2873.4 0.094
   16384   4096     4823.6     5542.3 0.174
   16384   8192     9291.4     9715.0 0.330
   16384  16384    18095.5    19572.8 0.642
   16384  32768    34794.3    60547.0 1.226
   32768    256      591.6     3286.0 0.024
   32768    512      809.1     3311.5 0.032
   32768   1024     1208.9     3302.5 0.046
   32768   2048     2049.1     3727.8 0.077
   32768   4096     4225.9     4846.6 0.151
   32768   8192     8680.2     8758.5 0.309
   32768  16384    17099.1    20368.2 0.610
   32768  32768    43297.3    60493.7 1.532
   65536    256      915.6     6506.3 0.040
   65536    512     1196.3     6495.7 0.049
   65536   1024     1626.9     6509.7 0.064
   65536   2048     2556.4     6802.3 0.096
   65536   4096     4517.2     7451.6 0.168
   65536   8192     7679.0     9846.3 0.277
   65536  16384    19129.9    21426.5 0.682
   65536  32768    28479.1    44781.4 1.007
  131072    256     1582.7    13033.3 0.069
  131072    512     1821.9    13019.2 0.076
  131072   1024     2457.9    13041.3 0.098
  131072   2048     3478.3    13017.8 0.137
  131072   4096     5379.3    14168.4 0.202
  131072   8192    11482.8    16719.5 0.419
  131072  16384    18244.7    24322.0 0.673
  131072  32768    29071.7    40680.1 1.071
