  window  match       mean        std  secs
     256    256      268.8      232.9 0.020
     256    512      505.4      495.4 0.028
     256   1024     1040.4      921.7 0.054
     256   2048     1960.2     2059.1 0.107
     256   4096     2837.4     2881.0 0.129
     256   8192     2837.4     2881.0 0.115
     256  16384     2837.4     2881.0 0.116
     256  32768     2837.4     2881.0 0.116
     512    256      304.4      282.4 0.012
     512    512      528.2      534.8 0.020
     512   1024     1200.6      958.8 0.045
     512   2048     2327.3     2134.6 0.087
     512   4096     3985.0     3542.0 0.146
     512   8192     4376.8     4085.8 0.158
     512  16384     4376.8     4085.8 0.160
     512  32768     4376.8     4085.8 0.160
    1024    256      211.1      196.2 0.008
    1024    512      460.5      435.3 0.017
    1024   1024      768.7      650.5 0.029
    1024   2048     1803.2     1901.4 0.066
    1024   4096     3901.3     5247.0 0.142
    1024   8192     6212.6     6349.3 0.227
    1024  16384     6212.6     6349.3 0.225
    1024  32768     6212.6     6349.3 0.228
    2048    256      244.8      277.0 0.009
    2048    512      404.4      421.4 0.015
    2048   1024      823.2      752.7 0.031
    2048   2048     1934.5     1824.1 0.071
    2048   4096     3367.9     3833.2 0.124
    2048   8192     7124.7     8233.5 0.260
    2048  16384     7981.8     9977.5 0.289
    2048  32768     7981.8     9977.5 0.290
    4096    256      300.8      476.3 0.011
    4096    512      583.9      718.9 0.022
    4096   1024     1069.1     1176.7 0.040
    4096   2048     1932.0     2072.1 0.072
    4096   4096     4255.8     5499.7 0.156
    4096   8192     8324.8     9506.4 0.303
    4096  16384    13304.2    13263.2 0.483
    4096  32768    13304.2    13263.2 0.482
    8192    256      327.4      831.9 0.013
    8192    512      567.9     1016.2 0.023
    8192   1024     1075.7     1169.5 0.042
    8192   2048     2019.5     2016.3 0.074
    8192   4096     4213.8     4738.0 0.156
    8192   8192     7723.2     9209.1 0.280
    8192  16384    15003.4    17685.8 0.543
    8192  32768    16912.8    22558.9 0.615
   16384    256      425.5     1632.7 0.017
   16384    512      779.6     1679.1 0.030
   16384   1024     1330.5     1901.4 0.051
   16384   2048     2280.2     2522.2 0.085
   16384   4096     4540.8     4485.2 0.166
   16384   8192     9552.2    11262.7 0.348
   16384  16384    19768.1    24173.7 0.718
   16384  32768    34165.1    42856.2 1.243
   32768    256      588.9     3249.0 0.024
   32768    512      925.3     3478.5 0.037
   32768   1024     1390.5     3508.8 0.055
   32768   2048     2600.6     4437.5 0.097
   32768   4096     4196.0     5087.0 0.157
   32768   8192    10297.3    10084.0 0.377
   32768  16384    19169.9    22486.4 0.697
   32768  32768    38568.3    56232.9 1.401
   65536    256      906.3     6512.7 0.039
   65536    512     1106.1     6501.1 0.047
   65536   1024     1644.2     6554.7 0.066
   65536   2048     2478.2     6755.9 0.097
   65536   4096     4527.0     7628.7 0.170
   65536   8192    10249.7    11613.0 0.379
   65536  16384    18843.9    22915.5 0.688
   65536  32768    29725.5    47580.6 1.082
  131072    256     1581.4    13037.3 0.069
  131072    512     1844.5    13061.7 0.078
  131072   1024     2189.3    13043.9 0.092
  131072   2048     2918.9    13206.3 0.117
  131072   4096     4837.4    13948.9 0.188
  131072   8192     8794.3    16150.3 0.330
  131072  16384    18220.0    23305.7 0.672
  131072  32768    34127.5    45652.8 1.245
