window  match       mean        std  secs
256         8      489.1      235.4 0.038
256         9      770.9      484.7 0.049
256        10     1277.0      878.5 0.082
256        11     2563.4     2117.1 0.135
256        12     3225.1     2726.9 0.133
256        13     3225.1     2726.9 0.134
256        14     3225.1     2726.9 0.134
256        15     3225.1     2726.9 0.135
512         8      742.3      240.5 0.037
512         9     1012.6      495.8 0.047
512        10     1604.8      900.6 0.070
512        11     2683.1     2006.1 0.104
512        12     4909.4     3601.1 0.181
512        13     5162.6     4112.7 0.192
512        14     5162.6     4112.7 0.189
512        15     5162.6     4112.7 0.191
  1ki       8     1239.3      180.8 0.055
  1ki       9     1453.6      413.1 0.062
  1ki      10     1884.5      855.5 0.077
  1ki      11     3203.9     2584.9 0.124
  1ki      12     5100.2     5164.8 0.200
  1ki      13     7314.1     5991.1 0.272
  1ki      14     7314.1     5991.1 0.286
  1ki      15     7314.1     5991.1 0.274
  2ki       8     2317.5      333.0 0.116
  2ki       9     2533.3      524.8 0.110
  2ki      10     3121.3     1023.2 0.131
  2ki      11     4171.0     2116.1 0.172
  2ki      12     6236.3     4362.3 0.246
  2ki      13    11244.6     8189.6 0.434
  2ki      14    12569.8    10003.1 0.482
  2ki      15    12569.8    10003.1 0.483
  4ki       8     4363.7      218.1 0.197
  4ki       9     4622.9      512.6 0.217
  4ki      10     5185.6     1003.7 0.227
  4ki      11     6242.9     2179.4 0.276
  4ki      12     8629.8     5449.4 0.355
  4ki      13    13735.5     9793.4 0.543
  4ki      14    20639.0    16862.1 0.784
  4ki      15    20639.0    16862.1 0.787
  8ki       8     8422.1      259.1 0.385
  8ki       9     8654.3      401.0 0.416
  8ki      10     9273.8      956.1 0.566
  8ki      11    10688.5     2719.7 0.652
  8ki      12    12534.2     4269.4 0.735
  8ki      13    16358.3     8690.1 0.806
  8ki      14    26711.5    18100.9 1.187
  8ki      15    33909.9    26577.1 1.387
 16ki       8    16650.3      256.7 0.773
 16ki       9    16923.6      601.2 0.789
 16ki      10    17436.0      991.7 0.817
 16ki      11    18388.9     2281.7 0.837
 16ki      12    21111.5     5011.6 0.937
 16ki      13    26526.2    10058.6 1.143
 16ki      14    38941.6    22318.2 1.590
 16ki      15    67312.4    44472.7 2.620
 32ki       8    33004.9      243.8 1.533
 32ki       9    33214.4      475.8 1.563
 32ki      10    33649.2      932.6 1.561
 32ki      11    35164.4     2174.8 1.615
 32ki      12    36910.3     4377.8 1.690
 32ki      13    41726.3     8069.3 1.886
 32ki      14    53713.8    21699.6 2.311
 32ki      15    88281.3    58525.0 3.554
 64ki       8    65747.4      225.7 3.040
 64ki       9    66098.4      456.9 3.084
 64ki      10    66496.9      903.0 3.103
 64ki      11    67933.9     2502.8 3.123
 64ki      12    69629.6     4404.7 3.192
 64ki      13    74612.8     8043.2 3.353
 64ki      14    83753.1    17361.8 3.696
 64ki      15   111305.4    48227.7 4.733
128ki       8   131345.7      276.1 6.134
128ki       9   131680.0      641.8 6.099
128ki      10   131987.2      890.3 6.091
128ki      11   132855.8     1863.3 6.130
128ki      12   135254.2     4581.1 6.208
128ki      13   140681.0    10361.7 6.505
128ki      14   150520.0    19803.6 6.847
128ki      15   181366.7    49970.4 7.916
